172
2 441 499
2 423 497
2 420 496
2 369 494
2 333 493
2 286 490
2 252 489
2 197 488
2 196 486
2 190 485
2 97 484
2 93 483
2 35 481
2 28 480
2 482 434
2 326 498
2 300 474
2 165 472
2 47 468
2 33 459
2 12 455
2 454 256
2 421 397
2 330 495
2 322 348
2 315 448
2 306 492
2 299 452
2 279 473
2 21 337
2 14 467
2 1 419
2 414 311
2 358 310
2 352 20
2 334 447
2 212 182
2 189 319
2 154 443
2 86 73
2 17 52
2 7 462
2 410 298
2 301 266
2 213 156
2 170 264
2 158 249
2 141 11
2 120 439
2 72 438
2 64 371
2 475 155
2 463 258
2 451 376
2 350 360
2 329 187
2 261 445
2 234 48
2 221 437
2 210 271
2 166 403
2 113 5
2 111 175
2 108 433
2 38 387
3 0 427 231
3 430 240 399
3 409 277 431
3 405 324 407
3 396 208 424
3 385 288 278
3 367 181 444
3 356 193 391
3 320 384 203
3 292 429 188
3 273 392 105
3 236 412 336
3 219 147 401
3 199 388 364
3 61 442 362
3 60 400 276
3 34 394 163
3 19 375 294
3 15 422 177
3 449 351 18
3 353 328 242
3 345 283 99
3 302 218 201
3 268 235 123
3 263 214 121
3 230 180 90
3 225 159 10
3 192 65 8
3 162 117 284
3 149 55 23
3 139 3 372
3 91 71 347
3 89 31 450
3 24 461 395
3 13 411 325
3 6 432 339
3 460 390 341
3 453 379 289
3 446 377 282
3 425 365 274
3 378 361 269
3 373 359 259
3 363 307 251
3 332 304 247
3 295 267 217
3 285 245 233
3 280 237 207
3 254 204 200
3 244 195 186
3 226 198 174
3 185 160 151
3 172 164 152
3 153 148 138
3 144 136 132
3 129 128 119
3 124 116 114
3 115 112 109
3 107 106 104
3 101 100 79
3 95 92 81
4 80 78 70 66
4 76 69 59 54
4 56 46 44 41
4 50 40 36 27
4 45 29 25 22
4 32 26 477 476
4 16 479 471 470
4 491 469 466 465
4 487 464 458 457
4 478 456 440 436
4 435 428 426 417
4 418 416 415 413
4 408 406 404 402
4 398 393 389 383
4 386 382 380 374
4 381 370 368 366
4 357 355 354 349
4 346 343 342 340
4 344 335 331 327
4 338 323 321 316
4 318 314 313 312
4 317 309 308 290
4 305 303 296 287
4 297 293 291 281
4 275 272 265 262
4 270 260 257 255
4 253 250 248 246
4 243 241 238 232
4 239 229 228 227
4 224 223 220 215
4 222 216 211 205
4 209 202 194 184
4 206 191 183 179
4 178 176 173 171
4 169 168 167 161
4 157 150 146 145
4 143 142 140 137
4 135 134 133 127
4 131 126 125 122
4 130 110 102 98
4 118 103 96 88
4 94 87 85 84
4 83 82 77 74
4 75 68 67 57
4 63 62 58 49
4 53 51 39 37
4 43 30 4 2
