1628
2 5357 5121
2 8148 6404
2 421 5913
2 2589 5583
2 6255 8785
2 9906 3629
2 6584 3987
2 7710 7529
2 1737 5231
2 4386 2094
2 9487 5796
2 6735 8197
2 1756 998
2 8754 2584
2 2395 2861
2 6655 59
2 6312 7569
2 7923 8873
2 7704 7444
2 5515 6632
2 9612 7262
2 8452 7796
2 2489 398
2 5905 8407
2 1729 9004
2 820 604
2 6459 8603
2 1248 7064
2 7549 9354
2 4848 8733
2 5886 8437
2 8189 6839
2 9529 4449
2 9213 5744
2 1524 8479
2 4318 4574
2 9483 6823
2 4100 9620
2 4233 3626
2 3904 1287
2 7108 5416
2 6476 9383
2 2545 5427
2 4004 9131
2 3697 1396
2 4041 370
2 2061 847
2 973 9247
2 3015 2155
2 4863 4644
2 7792 6668
2 4631 3135
2 2222 2843
2 1492 9618
2 7168 2687
2 5363 2752
2 5570 453
2 44 1561
2 8284 7100
2 2117 8775
2 3505 4036
2 461 1423
2 9765 3273
2 3295 8287
2 2932 1385
2 8854 6640
2 8004 5616
2 8591 2345
2 3715 674
2 5918 2096
2 9813 6639
2 3420 7936
2 5090 1556
2 5251 2598
2 4695 2935
2 2331 1114
2 666 3825
2 6762 4147
2 9959 5592
2 1677 7525
2 6756 8384
2 1081 5001
2 8689 9818
2 8119 1388
2 6196 948
2 5989 683
2 864 9888
2 6613 4106
2 5526 8911
2 3942 8320
2 9128 5083
2 5211 8585
2 4473 3484
2 4194 5052
2 3149 8240
2 7369 8777
2 7515 7577
2 2819 132
2 2459 4670
2 936 2968
2 7819 962
2 2246 9256
2 8814 876
2 7863 7939
2 2723 752
2 7368 110
2 8837 8991
2 3457 2728
2 8392 4808
2 7950 7208
2 7290 2212
2 3176 684
2 7101 8636
2 2196 9267
2 371 9614
2 8641 281
2 5791 3656
2 6240 2499
2 63 2064
2 5602 7259
2 4090 9894
2 2475 9019
2 714 1101
2 5651 2548
2 4916 3678
2 7834 4405
2 1013 839
2 1491 4961
2 7945 6170
2 5048 3765
2 3024 7198
2 9965 5945
2 1115 7937
2 1071 4685
2 1004 2124
2 3302 4579
2 1233 9986
2 8152 1707
2 3795 7135
2 3272 3647
2 5042 7201
2 9295 6677
2 7104 2070
2 2141 6782
2 384 7927
2 2008 5101
2 1734 4702
2 6495 4430
2 5773 336
2 854 1164
2 8058 2922
2 2115 4788
2 1214 7896
2 7540 443
2 5046 7961
2 4957 5214
2 2080 9307
2 8639 7409
2 4917 8063
2 2558 6702
2 1341 4964
2 7825 3499
2 5653 976
2 7202 1146
2 49 4983
2 6381 4886
2 1830 7313
2 9568 5295
2 6176 818
2 4509 3463
2 82 5772
2 8612 4874
2 6107 7595
2 3792 3047
2 7757 5982
2 4135 2274
2 3940 6252
2 3607 2727
2 3096 9305
2 5713 3896
2 2228 887
2 8338 3228
2 2964 1353
2 3566 7136
2 636 3293
2 8608 7543
2 8485 7305
2 4322 6550
2 3309 71
2 1210 5310
2 6168 8322
2 4240 4406
2 1851 4925
2 9433 8745
2 7516 1988
2 9129 6935
2 1203 1955
2 9866 1671
2 7551 5625
2 4940 4185
2 9795 7326
2 7145 1812
2 9527 7
2 8116 4141
2 5383 2259
2 3437 3114
2 7579 8465
2 5219 4131
2 47 1322
2 2456 8851
2 1450 9552
2 594 4637
2 4167 7359
2 4235 9539
2 3142 766
2 3042 1934
2 9 3686
2 7231 4655
2 1713 9690
2 1094 5873
2 5652 532
2 5006 2686
2 1742 4074
2 7583 8250
2 9525 5494
2 7715 8553
2 4561 4657
2 2962 3072
2 9263 2481
2 8803 4847
2 3844 727
2 7083 7447
2 1895 62
2 1050 9235
2 723 4102
2 6957 4112
2 6129 7088
2 4475 3357
2 9917 9532
2 8387 7196
2 2759 2982
2 4374 7308
2 8736 1946
2 2736 2293
2 8332 2726
2 3519 954
2 3196 5163
2 8375 7032
2 7648 6611
2 213 6882
2 9946 4320
2 9196 3337
2 8010 859
2 9063 1418
2 6547 5777
2 2045 4619
2 1591 1724
2 4076 1568
2 8767 8193
2 7725 5904
2 2342 9106
2 2060 2340
2 6178 992
2 3689 2652
2 850 2544
2 4402 3155
2 9119 4638
2 5172 3672
2 8644 586
2 9966 6534
2 4995 6558
2 4912 2642
2 4490 5729
2 1433 9747
2 3170 8626
2 1621 9576
2 3775 2749
2 3648 9344
2 2085 7851
2 3757 8478
2 201 120
2 8601 5686
2 7494 3781
2 7451 4139
2 6913 3257
2 6038 3542
2 7643 774
2 2828 3889
2 6571 7464
2 8397 5931
2 8138 2628
2 7148 403
2 6567 4550
2 7814 7545
2 5156 2323
2 9542 4150
2 8186 2870
2 3593 6537
2 1763 3376
2 9302 18
2 6134 328
2 4244 2862
2 676 4058
2 7862 3475
2 3112 9713
2 2795 8865
2 9275 5081
2 9151 7079
2 8997 8267
2 2308 4480
2 2300 58
2 9559 4959
2 8187 8233
2 6927 2036
2 6467 2814
2 4390 5366
2 2213 8115
2 1383 4044
2 9900 9320
2 8242 3869
2 7316 6171
2 3840 9528
2 3708 2123
2 3451 8616
2 8259 8849
2 8506 1711
2 7703 5609
2 7445 5845
2 7166 1839
2 6147 3842
2 7673 9873
2 778 1160
2 446 8079
2 9243 4837
2 2305 1049
2 2267 7267
2 2160 2243
2 1936 2313
2 11 9605
2 8094 5540
2 3583 6050
2 3526 8430
2 8101 8167
2 5096 3126
2 1136 1509
2 654 9514
2 245 6123
2 6359 1552
2 2023 5854
2 333 8286
2 7944 9374
2 5359 7953
2 3913 4284
2 5324 3950
2 5136 8509
2 2985 9921
2 7726 2920
2 8036 7466
2 7385 2944
2 4551 6580
2 687 6300
2 7008 6777
2 4902 3745
2 2282 8367
2 373 65
2 9784 2535
2 7522 7922
2 6842 4498
2 5209 1845
2 3106 9289
2 1767 8348
2 706 2817
2 6481 9722
2 3899 3632
2 3618 9732
2 1231 2203
2 9340 5600
2 3253 7026
2 2674 9856
2 1427 4690
2 6060 8563
2 5665 177
2 9283 6989
2 8701 7756
2 6985 463
2 2718 7700
2 9942 2994
2 8026 7920
2 5622 780
2 3002 8047
2 593 8721
2 9111 5919
2 8346 1096
2 4965 6313
2 4151 8834
2 3083 9649
2 1359 7212
2 9691 8253
2 8697 6638
2 7050 3229
2 6582 1996
2 4516 2572
2 2941 8839
2 1817 9778
2 1357 5962
2 9252 4137
2 6329 745
2 2619 6477
2 2364 1085
2 9366 3485
2 7209 2571
2 4951 522
2 1372 2802
2 1336 3356
2 9779 4582
2 9443 717
2 6363 4351
2 6316 2009
2 103 6602
2 9751 565
2 8477 1861
2 4352 251
2 2112 2647
2 709 8811
2 6426 67
2 3368 9124
2 5909 9365
2 5891 9123
2 2351 8751
2 9154 6994
2 8199 5492
2 7119 257
2 3443 9325
2 2905 3089
2 7629 5793
2 4259 1340
2 645 9585
2 6 8614
2 7981 2095
2 7671 171
2 2536 7330
2 1976 3496
2 214 4134
2 6415 7489
2 4884 5593
2 3379 7911
2 1787 1510
2 1202 2162
2 332 4293
2 9806 1701
2 9629 8947
2 9546 1344
2 4477 8003
2 4357 60
2 5239 5544
2 3308 8163
2 3214 3062
2 9968 4557
2 9363 8835
2 8923 2957
2 8501 6666
2 8200 750
2 4867 6914
2 1820 188
2 1001 1717
2 9974 5149
2 9930 877
2 9511 5330
2 8529 7391
2 8779 1740
2 7934 7613
2 6956 6297
2 5733 6342
2 5518 4727
2 5244 9545
2 5236 7057
2 4222 1975
2 5991 5332
2 4711 7677
2 1505 8040
2 8658 8651
2 4977 1564
2 2776 1351
2 1800 9426
2 321 7439
2 9166 3730
2 2575 7415
2 1883 924
2 1364 9962
2 296 6188
2 8431 4696
2 4331 1965
2 3750 7647
2 7344 7699
2 7153 4572
2 5970 1249
2 5758 5529
2 3120 8990
2 2245 4161
2 9419 1522
2 8915 9341
2 7210 5808
2 1747 9550
2 791 5131
3 8449 7972 8579
3 8168 8056 2043
3 5028 4415 3655
3 4717 5488 9271
3 3579 6738 3473
3 2509 5683 8548
3 5835 6616 2265
3 1743 1714 7824
3 9397 6627 5720
3 8418 5074 902
3 6042 55 5728
3 2573 7250 1673
3 1061 767 3845
3 96 6419 301
3 9569 8470 6309
3 8866 264 5553
3 6273 631 3306
3 3087 6410 9626
3 8607 773 3830
3 6144 6742 1200
3 2952 5155 3223
3 1523 385 4870
3 9853 8702 7524
3 9566 6336 197
3 8625 3834 3905
3 1889 4367 3271
3 1636 6226 3167
3 1178 797 9572
3 9797 8659 1508
3 8487 2055 407
3 2809 7567 8183
3 2089 9048 6377
3 8132 1476 5864
3 4960 9250 7748
3 3978 9718 6058
3 3137 6384 9746
3 7436 3673 1810
3 7155 5375 1948
3 6192 4079 2612
3 4600 4649 5610
3 3557 8671 3
3 730 6747 8707
3 4524 9952 6769
3 3870 4043 875
3 3791 8940 2486
3 1998 9843 278
3 1228 7253 2353
3 9689 9871 9265
3 4861 3944 6198
3 4200 7302 5476
3 6028 9078 7443
3 5308 3857 3001
3 283 432 836
3 1912 2912 1483
3 1429 8677 6662
3 8172 5170 1853
3 6010 3367 7880
3 85 8204 7412
3 9507 7118 8453
3 8297 4706 8442
3 3997 8683 8670
3 2000 9755 3728
3 1140 4527 7095
3 6578 1587 1720
3 4532 3028 6012
3 4179 5203 9695
3 3278 4607 4469
3 1040 6320 1378
3 915 7978 6146
3 884 7319 5207
3 263 6981 5803
3 7103 6110 3022
3 6483 5849 1037
3 2927 3885 1253
3 7696 1821 8929
3 995 464 4617
3 513 2585 634
3 8964 4565 3508
3 7618 8722 7861
3 7617 3518 3037
3 6757 6444 2877
3 1224 4883 8932
3 7603 8750 4474
3 7296 1708 6370
3 9908 6498 3877
3 5197 3561 1684
3 5174 1154 1923
3 4307 4871 9359
3 3736 3375 8692
3 1681 1073 8895
3 9464 7759 1152
3 5785 2939 7870
3 4786 6367 3362
3 3248 7536 4521
3 1542 8328 1117
3 1526 8524 4439
3 9599 8874 5902
3 4038 1571 137
3 2937 2627 5462
3 1484 3892 2798
3 1116 4361 2592
3 559 5278 520
3 2488 4292 6296
3 9880 8466 3853
3 8956 4975 9849
3 3511 9197 9769
3 8637 7178 6965
3 7823 1833 9425
3 7678 916 6605
3 5823 7041 56
3 6656 1261 3544
3 6231 6577 3107
3 5839 7463 3769
3 5547 9907 5341
3 3055 4946 529
3 9961 9984 5705
3 8527 5941 5250
3 6220 5441 1361
3 4668 2600 174
3 2566 17 10
3 1712 6938 5446
3 970 172 5998
3 7255 6389 2185
3 5378 5503 2716
3 1726 9014 844
3 7238 4663 8516
3 7215 7130 7363
3 5548 6856 3050
3 2368 846 9350
3 760 9092 8714
3 6715 1430 5151
3 4604 1122 2106
3 145 3746 297
3 8931 4731 9168
3 8363 1234 525
3 7740 9895 3969
3 5563 1765 2165
3 3516 208 688
3 1570 5649 9597
3 738 3134 1601
3 451 912 7778
3 6752 5271 1827
3 6583 7218 6205
3 923 1487 1963
3 9741 8673 5579
3 7624 1197 2766
3 6540 556 6133
3 6526 5118 9214
3 6364 926 8833
3 6266 8239 7518
3 5325 4093 139
3 9161 9121 2221
3 7149 3104 3540
3 2407 9182 6396
3 164 4990 7558
3 9450 8081 4491
3 3258 5017 2007
3 2649 8161 5627
3 2295 5013 4230
3 117 5899 6451
3 8059 2804 7152
3 5948 628 3691
3 5007 1648 5056
3 2484 8824 3674
3 1589 9246 9594
3 9390 7839 8617
3 8650 5574 7318
3 8044 8293 7499
3 6052 8198 2309
3 4627 7346 642
3 211 4126 7692
3 6149 5875 6102
3 2879 7983 2555
3 480 9135 1825
3 7204 2848 1010
3 6680 9490 8305
3 2127 6623 8247
3 87 2590 3029
3 9719 7151 7752
3 6721 3276 1876
3 3932 2836 8609
3 1015 6036 7278
3 9588 6645 6215
3 8653 9580 2811
3 6157 1866 289
3 5879 656 9471
3 3828 5513 1847
3 3608 6731 2872
3 2125 9414 8606
3 9776 3692 4671
3 7954 178 3480
3 4555 6256 1735
3 3973 4650 3527
3 900 1943 597
3 9286 1620 5487
3 6193 931 3239
3 4859 2538 7375
3 3677 206 2516
3 28 8652 6685
3 9852 5824 4792
3 1856 2697 1464
3 1159 9382 1877
3 9499 4170 1819
3 8578 6350 2226
3 8134 5815 3132
3 6703 7888 9276
3 1393 6531 3092
3 1311 4522 4496
3 1056 590 6152
3 4573 8434 1994
3 3891 3808 8258
3 1632 7764 6206
3 6111 9637 5061
3 5981 1129 6984
3 5559 8537 834
3 5058 1260 9238
3 2999 8468 1718
3 1205 6741 3895
3 6443 4054 2732
3 307 124 290
3 151 8342 7777
3 9407 1874 53
3 8684 7105 4725
3 7875 6228 6053
3 7475 9241 7413
3 5094 1642 4933
3 9799 3573 1888
3 8967 1562 7512
3 7734 142 236
3 7542 4661 1884
3 4997 9326 4611
3 2705 9675 4857
3 2190 2428 9165
3 589 4814 8907
3 9748 7884 5371
3 6306 7610 7993
3 4055 3980 1704
3 2091 4865 4442
3 9730 253 9714
3 5418 9602 4692
3 9864 4091 7286
3 9761 9376 1837
3 9530 7361 8032
3 8035 6676 6651
3 7219 4774 4592
3 6932 5710 3297
3 6628 4989 5644
3 4636 5794 7406
3 2490 540 4363
3 7659 4703 2241
3 6849 6155 1445
3 4875 9896 1440
3 2765 648 7090
3 2020 3924 8123
3 6557 5035 1282
3 5517 4066 3558
3 5235 4381 6827
3 5044 362 9976
3 4716 4926 3912
3 2854 7003 6365
3 735 9016 5671
3 9523 4506 8176
3 7841 7662 7526
3 6326 4904 898
3 4187 8423 2565
3 3945 3654 2254
3 3839 6733 6380
3 3802 8241 9922
3 2887 9650 1023
3 7594 3531 6794
3 7074 4410 7382
3 5020 1595 1598
3 4771 4656 4089
3 3553 7733 2461
3 2400 4559 8333
3 6976 5916 358
3 6366 5530 7374
3 4064 2806 3498
3 3567 6289 5474
3 534 2320 2006
3 7037 6673 8597
3 5389 1332 1723
3 4773 1339 1467
3 3422 9453 1533
3 2457 5355 7683
3 2081 9368 5205
3 1406 9220 4412
3 7432 6988 8861
3 7356 6436 3906
3 9988 9456 1471
3 9848 210 7914
3 8432 6800 6076
3 5898 6361 147
3 5336 4879 3760
3 2783 2375 4720
3 960 489 8019
3 404 1609 7310
3 6857 4495 9468
3 2907 8889 8715
3 1584 5178 7785
3 1422 9879 5489
3 689 7943 9361
3 622 6490 5086
3 33 3718 5551
3 8938 8894 9192
3 8376 4375 4639
3 7821 5457 6528
3 6778 7818 4766
3 6514 909 9726
3 4478 7534 3617
3 3323 2389 3145
3 146 8153 5633
3 9043 7249 7419
3 8648 2462 9561
3 7768 8898 9072
3 7426 4011 6784
3 3704 8043 9703
3 2381 1021 4452
3 9684 8150 3244
3 7530 8845 396
3 7230 3882 3983
3 5869 2874 737
3 5856 7175 2260
3 3582 2401 6340
3 2398 9631 8823
3 7592 6016 3299
3 3914 3595 7917
3 1529 1930 8679
3 8954 8325 7990
3 8299 4953 4026
3 6870 5467 3153
3 6585 5901 9971
3 6208 4057 8425
3 5776 9222 5832
3 3559 3352 9143
3 2129 5085 1922
3 1512 198 150
3 9122 5461 8746
3 7013 5380 7770
3 6202 3371 2191
3 5920 3966 1090
3 5865 39 8712
3 5255 1952 7010
3 835 1886 3188
3 635 9549 5522
3 9429 6834 7454
3 7116 6466 3985
3 4907 4202 9183
3 4823 7956 9734
3 4467 512 9667
3 3749 9802 9062
3 9221 8682 8238
3 7966 5556 6421
3 7596 5724 947
3 6649 7689 359
3 5531 3075 8519
3 3339 7480 5615
3 804 32 3428
3 9828 9091 9606
3 6724 6700 2277
3 4704 3811 7809
3 4124 1822 4016
3 3564 45 7221
3 3136 6184 7964
3 3129 711 4208
3 2134 1507 1347
3 9868 5896 678
3 7220 4640 9173
3 5908 1761 4887
3 3011 1100 8263
3 2924 8276 5451
3 149 7731 6574
3 7970 5756 8196
3 7876 6873 2343
3 7186 3991 4514
3 6705 2148 170
3 6243 2707 5047
3 3322 1256 2167
3 300 6446 3641
3 9096 8632 6264
3 6811 0 6203
3 6160 4465 5164
3 5584 1382 6553
3 5566 2024 849
3 3694 8264 8562
3 313 5939 2983
3 9573 3121 2467
3 9459 6637 6015
3 6248 3724 5954
3 3020 471 2198
3 2278 9987 6522
3 611 5166 4949
3 9978 6903 7424
3 9752 4335 6681
3 8908 8752 7984
3 8517 2672 8027
3 6659 6942 5721
3 5277 2495 9068
3 4708 6596 9891
3 1908 1047 9299
3 9996 8133 8801
3 9583 1157 5860
3 7975 1199 3681
3 7386 4659 6726
3 5657 8711 1044
3 1174 9328 6648
3 9210 7727 9633
3 7425 5947 7384
3 5240 4215 1181
3 5040 5362 3818
3 4992 9038 6112
3 4340 3412 1411
3 2875 1106 7500
3 2367 6017 3127
3 1569 2337 4511
3 1179 7509 3226
3 5449 1593 433
3 3203 6022 8210
3 708 541 4456
3 9836 7521 6719
3 8222 9721 8143
3 5836 5763 4790
3 5173 514 4286
3 3517 562 4052
3 2062 3894 5536
3 8160 6246 4419
3 6478 2702 8696
3 5813 1668 2025
3 3563 8413 5157
3 3031 1381 9486
3 2506 2601 6492
3 1840 2296 5730
3 1616 8863 8864
3 825 8828 8810
3 8667 8336 4958
3 8202 204 9995
3 7555 1400 8876
3 6351 4206 4359
3 5496 355 6713
3 8139 2120 465
3 7877 4742 6275
3 3105 6864 3330
3 1768 6280 6960
3 1751 9920 5198
3 968 608 889
3 9935 7751 3004
3 8977 2954 2329
3 8031 4188 234
3 8006 4092 5872
3 6051 5368 2159
3 3596 9418 4801
3 2437 9269 5751
3 1535 4228 3926
3 1409 240 8919
3 1012 3809 919
3 70 6263 2746
3 9198 4943 8089
3 7633 3972 2033
3 4858 1321 530
3 3657 9716 955
3 3235 8215 5082
3 2578 5606 7995
3 1843 7729 9187
3 9768 431 7614
3 9600 8454 5208
3 9519 3311 1062
3 9028 4000 7397
3 7924 456 8137
3 6576 6008 1640
3 430 270 9767
3 131 6964 620
3 9699 9332 9086
3 9446 9538 2786
3 9201 2949 3939
3 6698 4046 6761
3 6097 2661 97
3 2762 9584 8447
3 2604 2193 372
3 1939 500 1036
3 1750 9656 5986
3 1330 2072 6161
3 978 9431 4796
3 8401 439 7663
3 7170 6835 3590
3 6890 8180 3956
3 6003 2977 1980
3 5191 673 6824
3 4534 136 9944
3 4301 9398 8822
3 2632 1744 3212
3 1259 4221 4942
3 7991 6565 5482
3 7457 7407 1475
3 6844 2772 885
3 5245 1796 1649
3 4798 2713 8252
3 2694 8383 6450
3 2514 8568 24
3 2102 8859 3280
3 1519 9413 5752
3 8435 1961 8326
3 6352 6137 6121
3 4104 2399 6809
3 3370 956 4502
3 2595 9083 7881
3 2074 1318 9075
3 183 5666 4387
3 9855 7674 4783
3 8037 7800 8900
3 7895 6463 5994
3 6887 4777 7586
3 6197 6302 8314
3 5732 4238 1279
3 4635 7471 3793
3 3344 7554 7812
3 3060 2207 4839
3 1694 86 9009
3 37 7461 6959
3 9036 6963 3364
3 3822 2953 7320
3 2891 7362 2297
3 2881 1546 4595
3 1983 6972 8353
3 457 4358 458
3 8815 1755 9035
3 7724 5168 7357
3 7410 756 8486
3 5897 1538 8093
3 4400 3543 9838
3 4248 9094 7094
3 602 4116 8930
3 487 9137 6915
3 9047 4434 3141
3 8766 5024 3021
3 7387 3951 2144
3 7206 4399 2596
3 6471 6506 4596
3 6311 2210 3052
3 2903 6332 9564
4 2608 4504 221 2028
4 2149 335 462 2956
4 9578 4339 6925 2741
4 9215 3347 801 7078
4 9114 2785 3651 7850
4 6353 3875 9659 2610
4 1536 1371 5066 6448
4 392 6127 2859 6818
4 7889 6232 840 9709
4 7602 6175 4736 3887
4 5628 4994 4982 8663
4 4069 40 2892 1688
4 3789 1453 7632 502
4 2837 2412 9993 2683
4 1678 5233 8028 8543
4 1161 5181 2469 7959
4 9820 2059 7859 7395
4 6148 168 6944 4097
4 4877 725 6229 9678
4 802 31 8438 6699
4 9651 8737 739 9595
4 9394 6328 1426 4567
4 7694 5106 8426 615
4 7557 2307 4549 5128
4 5125 4688 9540 9223
4 4291 842 1009 1959
4 2685 3841 4689 511
4 1778 3318 5631 4787
4 9015 5817 4488 9227
4 8576 639 229 152
4 8022 6725 402 3012
4 7960 5719 2101 1869
4 2169 393 2950 6473
4 1220 1043 343 644
4 325 8804 7423 613
4 78 9489 8950 1080
4 7742 6034 8643 3555
4 5959 848 8097 5190
4 5558 7971 5882 9957
4 8256 8903 1377 8571
4 7803 7631 2472 4031
4 5676 2388 4099 1979
4 5422 68 34 4855
4 793 7532 6315 7994
4 7697 3903 7314 5881
4 6952 4826 3123 6922
4 6746 4880 1807 7132
4 3743 9892 20 7176
4 3679 6005 6452 6674
4 2242 1892 640 953
4 1165 7430 726 13
4 9887 5850 1167 7581
4 6225 5731 153 5212
4 5443 467 7666 8629
4 4969 3698 6357 740
4 4723 413 2669 8398
4 3515 4811 252 6046
4 1270 2002 579 2898
4 305 3396 1502 1590
4 9475 2164 9280 6479
4 9274 2215 4298 7713
4 5951 6189 2137 2232
4 4047 76 4267 4078
4 3509 477 5950 5829
4 2304 6095 3665 7826
4 860 6563 5161 4155
4 7496 57 7252 6544
4 6291 346 193 4245
4 5863 4173 2358 7036
4 4750 4451 3621 1549
4 2929 9337 2629 9065
4 9524 8212 7951 4922
4 7906 3233 649 2432
4 5146 4246 4279 2527
4 4679 4554 414 6740
4 3581 3246 8986 1369
4 2019 293 3146 7024
4 1953 8821 8456 7565
4 1586 9830 8206 3449
4 395 6210 9234 5346
4 7804 949 9157 6244
4 6104 9313 3761 9526
4 5026 3902 2531 868
4 4662 2799 3261 2668
4 4249 7194 554 5895
4 1416 1276 9543 9105
4 937 83 6270 3431
4 4747 4030 4856 4311
4 4314 1650 7236 2533
4 3838 3504 1504 7963
4 3482 1286 5672 8965
4 3161 1194 1084 3332
4 2824 2634 8675 7813
4 2751 568 444 7018
4 9294 7743 2529 7653
4 8498 4653 3773 9333
4 8229 1793 4767 5387
4 7197 3748 3263 1527
4 6630 5714 4176 1032
4 5200 23 2047 1118
4 4537 1516 9810 8440
4 3806 16 9496 9488
4 9692 9635 6258 3911
4 9458 8277 9958 3930
4 7490 4398 6920 5401
4 6664 6828 5237 3174
4 6294 1031 3316 9251
4 4501 982 7559 1250
4 4328 9551 4841 2303
4 1532 8201 6744 1514
4 9680 8642 675 8289
4 8952 6245 6822 4001
4 8355 4892 6693 5373
4 7150 4914 1986 4623
4 6612 1296 8179 4935
4 4578 2442 1452 3125
4 1891 9260 8654 1618
4 1201 8729 2422 2264
4 9711 6494 3880 6430
4 9085 5834 5769 6852
4 8727 3513 4775 9624
4 6962 5175 4713 3099
4 6569 3824 4144 2712
4 6510 5199 4164 9022
4 5980 9149 6093 8235
4 5059 2143 499 459
4 2671 1606 9655 5400
4 1027 9858 8177 7622
4 9002 7761 7957 7828
4 8918 5043 9272 8067
4 5641 4898 365 8897
4 4605 3407 8808 7237
4 4447 225 8981 3570
4 3747 8593 4407 3147
4 858 9985 2335 8567
4 7418 6604 4562 2402
4 5097 9611 7849 123
4 4095 2328 8382 2235
4 115 3547 1806 6766
4 30 9181 9073 4482
4 7600 1951 1058 6323
4 6846 6600 6130 8756
4 6118 3274 8978 1132
4 1898 185 8472 1669
4 8108 5831 7085 6899
4 7721 6851 5471 3355
4 7190 5098 2946 4156
4 7048 6002 9927 5505
4 6727 6398 6078 2220
4 6590 1865 7665 7247
4 6126 2570 9771 8753
4 4558 6993 1110 576
4 1978 94 8340 7616
4 8806 6669 8372 6472
4 8393 5442 2240 8129
4 8388 7127 2205 3883
4 7899 5077 2046 3615
4 7868 7315 6090 5812
4 7273 4325 6711 4546
4 4840 4197 9745 7634
4 4694 2466 9859 7329
4 1639 9613 5019 3506
4 9338 5944 2582 8640
4 8734 6524 1288 7815
4 8572 6223 7460 4804
4 7805 5041 6304 3078
4 7693 4489 473 6356
4 3587 1835 1848 1271
4 2591 2333 4564 2234
4 1754 896 5323 6697
4 6774 2216 3884 6560
4 2911 899 7275 2730
4 2294 2105 516 160
4 1774 6671 9948 5613
4 1266 6739 3324 7491
4 9877 9603 5189 9013
4 9003 5140 8573 6990
4 5800 5621 3664 5276
4 5702 1212 8996 3439
4 5460 4172 2237 3878
4 3265 1849 1137 143
4 2549 9134 2136 1653
4 1313 419 7123 6803
4 1192 101 22 2199
4 8994 4312 3038 5598
4 8021 7121 6063 9029
4 4746 4308 3402 3281
4 3933 2754 9679 8773
4 1086 9744 6064 5523
4 9261 5268 2390 5171
4 7931 7686 4217 558
4 6581 3578 2453 417
4 5397 4255 9194 2781
4 5134 3097 6831 6023
4 3849 1699 6035 3782
4 2793 9230 4196 3873
4 906 9844 5903 5234
4 753 8411 2417 6636
4 9008 7510 6595 6520
4 8716 4599 4394 2016
4 8084 5426 2852 7117
4 6414 4136 1170 1488
4 4918 1461 4818 2444
4 2289 9759 8789 3817
4 2268 1656 7786 6261
4 1480 796 9901 8633
4 1127 550 7400 6096
4 381 4613 2621 159
4 8793 8759 3491 4630
4 8464 8316 8987 6132
4 8166 8049 2775 5253
4 7233 1624 7788 1985
4 5246 3381 3131 7309
4 4678 1172 4910 8618
4 3888 2951 1783 7903
4 2406 219 3300 3262
4 1093 8539 6529 4094
4 828 472 7684 1781
4 6953 6517 6432 3783
4 6373 3442 1627 2987
4 6227 5770 1814 893
4 5736 3334 5966 5313
4 3965 2731 9535 6180
4 2334 2068 9502 3744
4 1867 9575 7501 4932
4 1665 279 3312 5104
4 1404 133 9534 7969
4 845 7925 5391 7675
4 217 5586 4088 7980
4 8165 4479 2711 7898
4 5972 5577 2065 6417
4 5917 3401 1836 218
4 5398 1221 6812 1904
4 4487 2750 8665 3584
4 4193 2554 9200 7110
4 3721 610 1646 9660
4 2281 1208 7371 5064
4 1801 6586 3539 8638
4 7388 5132 4894 3862
4 5370 3445 669 5481
4 3927 2722 651 7672
4 1899 990 9882 4538
4 1184 9846 4981 2464
4 401 9941 2947 2184
4 9770 9754 3216 3076
4 8694 7289 2376 9356
4 7695 7502 5594 9209
4 7065 4544 1638 934
4 5599 3411 89 5511
4 4529 3929 3124 545
4 4428 8268 3947 1299
4 3085 9156 3424 1935
4 2326 8842 6405 3521
4 1716 8584 7902 7664
4 1292 8934 8525 1870
4 8015 6770 3807 1130
4 7907 5345 4669 2087
4 7043 3017 163 4628
4 6259 2173 771 6805
4 2560 1928 6497 292
4 1683 827 8732 9089
4 977 144 7608 9670
4 757 6409 6068 207
4 249 7177 6973 8853
4 9140 6307 1469 6958
4 7744 7096 2050 5429
4 5122 3580 1138 894
4 4833 4163 3115 8776
4 2990 9785 7553 8068
4 2835 2463 8273 7134
4 2567 2057 4882 1209
4 2480 2022 7962 7274
4 1120 8709 3941 9491
4 930 7223 4646 2011
4 304 9860 8409 7642
4 7014 691 618 6331
4 5804 3610 7640 3353
4 4842 4553 241 6897
4 4149 9179 2227 643
4 3313 6301 5725 1331
4 316 9225 7216 9152
4 288 8502 865 199
4 157 8298 7544 8886
4 7878 7163 6425 9647
4 6541 4948 3186 7795
4 5514 3541 9367 7229
4 5192 4392 356 7546
4 4337 2564 8870 4355
4 3893 728 8645 5060
4 3178 7298 5550 4789
4 2179 7019 6904 5578
4 287 9406 5254 3006
4 9863 9100 4714 2418
4 9710 6513 1277 5663
4 8534 5206 9232 6087
4 6387 5329 5182 1841
4 6213 2805 1574 9172
4 5718 3753 862 108
4 4468 1971 616 8941
4 4226 1958 819 9329
4 2288 9617 9553 3425
4 1652 9885 7948 6814
4 1227 8740 5825 5658
4 9870 6796 6629 5534
4 8310 7087 867 4634
4 8141 4598 3438 7556
4 5952 5848 5612 5424
4 5741 2841 8564 4143
4 4508 3536 2239 1495
4 3798 2563 733 2577
4 2163 784 425 5771
4 1809 9570 5611 4791
4 186 9158 6484 9582
4 9590 9423 3208 1661
4 7349 7091 3812 5510
4 6620 4693 3712 1563
4 5958 2689 2435 800
4 5573 3209 2344 2201
4 2318 1700 9314 348
4 1615 1479 9876 4986
4 1376 769 8103 2152
4 378 347 9346 4403
4 226 9862 7441 9954
4 9555 8321 7333 7434
4 8771 8309 6125 7946
4 7799 6748 4906 1099
4 7365 6253 9819 6692
4 4726 4518 3917 1685
4 4290 1403 8064 7580
4 789 719 128 6917
4 383 189 9205 7758
4 8493 8086 7140 1949
4 8347 7541 7459 4939
4 7835 7060 2586 1788
4 6701 5316 4211 1196
4 5409 5183 2470 2356
4 5294 3213 1494 4996
4 4709 2451 9737 8080
4 2012 441 9323 6457
4 1909 349 5379 3860
4 1235 1131 2878 1993
4 958 8960 8379 9999
4 633 6279 203 6843
4 415 2382 1799 1679
4 8686 8282 3859 3784
4 6456 1868 8406 7669
4 5343 1188 831 8412
4 5148 3949 9372 7507
4 3327 2550 1180 1119
4 1284 1230 1818 1732
4 863 703 361 291
4 8875 7965 4621 2498
4 8726 7479 782 509
4 7807 2035 405 388
4 5779 3821 4633 3247
4 5694 2483 8985 8784
4 5410 9663 4734 4664
4 2384 1323 4 7251
4 1611 1335 935 280
4 1105 9807 8970 5699
4 693 8955 4675 4254
4 9102 7307 2789 9724
4 8410 6233 4344 2324
4 7753 5051 4632 1133
4 6407 6085 4330 3394
4 5833 4950 2579 200
4 3787 1135 9701 4461
4 2378 1046 9636 8523
4 1111 258 7791 6635
4 1074 922 9742 7667
4 268 9604 6500 5844
4 227 8791 3639 3386
4 8461 5977 2541 2405
4 6983 4979 2373 1987
4 5356 4107 3292 4425
4 3922 3389 9632 8731
4 2942 2311 376 8491
4 2386 2086 318 9644
4 1553 1029 811 9557
4 983 9533 8602 7399
4 662 9186 9148 5327
4 9717 8374 6371 6242
4 9162 8164 7092 6158
4 7322 4371 794 5885
4 6434 3827 3199 5413
4 5177 5005 173 7992
4 3385 2676 2030 491
4 2715 2508 741 4810
4 2410 342 9773 3819
4 9342 8872 3756 7636
4 8725 7820 7706 7627
4 8136 6647 6420 3008
4 7340 6254 3866 9282
4 5266 5187 4369 1918
4 4273 4220 1534 4651
4 2883 1992 3225 2747
4 2825 872 621 4323
4 409 7832 5399 4435
4 9977 7228 3794 1897
4 9609 8857 7069 5957
4 7712 5643 5210 5073
4 6678 4978 3267 1415
4 3935 3799 1969 195
4 2934 1705 917 9963
4 1554 1329 1206 1045
4 1439 9362 7393 7264
4 1063 984 9159 7408
4 821 148 8728 7165
4 69 8613 7938 5883
4 9327 8879 7243 7093
4 8758 7736 7276 6499
4 7547 7033 6480 5979
4 6234 6174 2166 9775
4 5853 5840 4260 4032
4 5470 5265 4535 4103
4 5361 5167 4807 3227
4 5045 4356 4214 2803
4 4237 3474 1610 901
4 3620 3144 2884 2873
4 3466 2503 2172 1731
4 3058 508 483 2427
4 652 605 437 8395
4 435 9787 6654 9070
4 312 9822 9011 8778
4 8780 8570 7915 6077
4 8770 8535 8507 8142
4 7793 7588 7416 7097
4 7172 6901 4860 4372
4 6841 5508 3636 2500
4 6675 5745 5340 2996
4 5350 4758 2425 4822
4 4224 2330 987 194
4 1654 9749 9415 1305
4 179 8311 8144 7639
4 9380 8877 7427 6187
4 8786 6853 4732 4577
4 8117 7789 4972 4890
4 7059 3984 3082 8405
4 4891 3879 3476 192
4 3530 2769 1142 303
4 2556 2170 111 7883
4 2206 209 118 9571
4 596 184 8417 4376
4 9931 9421 8361 8038
4 9264 9218 7942 7098
4 8975 7578 3777 3044
4 8961 8224 5557 5279
4 8114 7856 5107 3189
4 7561 7086 6141 6128
4 5067 4285 7741 6902
4 4175 1831 729 6614
4 2520 1614 482 9436
4 1728 478 8135 7590
4 9556 8272 8244 8061
4 7075 6411 5906 4724
4 6308 6156 3493 8462
4 5993 4523 3717 1972
4 5983 5747 3727 9031
4 5696 4952 2485 1485
4 3716 2974 2512 9793
4 2812 2808 2771 908
4 1695 121 8530 8075
4 1517 8009 6937 6682
4 274 230 7847 7606
4 8002 7483 7187 7045
4 7077 6720 6177 5483
4 6833 5504 3685 9736
4 6559 4470 4232 8220
4 4899 4699 2098 2039
4 1625 1350 156 8797
4 1496 781 8698 6607
4 9126 8561 8542 5870
4 8880 8045 5617 5304
4 8500 7864 6265 5533
4 8110 8011 6545 4098
4 7730 6429 5213 3635
4 7017 2827 2532 1937
4 6428 4845 4063 1177
4 5727 2602 2110 1749
4 4333 2272 2271 1283
4 1226 833 574 9357
4 507 424 256 7404
4 311 61 9686 9301
4 9498 8868 8556 7550
4 9457 8635 8159 5382
4 8494 7533 7337 6971
4 7248 7068 4876 3690
4 6026 5938 4980 4588
4 5783 5377 5262 5158
4 5260 4427 4297 3053
4 5023 4966 3307 1326
4 4913 3108 2447 1804
4 4440 2657 1696 428
4 3059 1984 1501 9007
4 3023 1917 1513 1006
4 2298 2231 81 7830
4 1753 1634 1171 9932
4 866 795 9521 8473
4 682 9910 9296 8924
4 8850 8441 8190 7139
4 7929 7833 7711 7292
4 7682 6998 5480 5008
4 7367 7030 6551 6293
4 7138 7022 5754 3268
4 6539 6075 1789 8592
4 5907 4305 3993 2252
4 4262 959 9823 7584
4 3469 1703 1166 7067
4 1622 903 406 7514
4 803 8968 8555 6021
4 538 7453 6617 6098
4 6412 6237 5910 5585
4 6257 5632 3205 1275
4 5472 4770 3534 2900
4 4591 2673 2583 2357
4 3846 3361 2393 182
4 3266 1932 7129 6848
4 2310 1762 9698 9044
4 1307 9577 9042 7523
4 9548 7102 6519 4830
4 7688 7281 6859 4048
4 6799 6533 5900 4893
4 6393 5281 5010 3416
4 5926 5693 4923 3854
4 4851 4453 4283 3963
4 4843 4060 3705 3154
4 4793 4019 9914 7985
4 3286 2645 2138 1149
4 1824 668 9311 7000
4 1191 658 9297 8541
4 603 9861 9411 9189
4 8085 8001 6643 6222
4 7658 6961 6454 5100
4 7574 7071 5430 3591
4 6040 5640 4236 2899
4 4911 4571 3803 2928
4 3994 3810 3611 2961
4 3382 3169 2546 1770
4 2664 2385 2026 275
4 1878 698 9972 9204
4 1612 1190 921 224
4 452 341 25 9554
4 9270 9229 9101 7890
4 9146 9059 8554 7852
4 8334 8231 6509 6195
4 8000 7782 6592 6185
4 6923 6862 6334 6119
4 6290 6031 5809 4009
4 5838 5828 3696 9933
4 5538 3619 1302 54
4 4691 3990 3454 2153
4 3719 3523 2662 582
4 2709 2280 526 238
4 2656 1775 659 8109
4 972 886 746 9825
4 468 319 9720 6391
4 27 9024 8034 7504
4 8118 7261 6516 6199
4 7488 6491 5549 3413
4 7011 6772 6283 5386
4 6850 4525 3754 2980
4 5635 4821 3156 1316
4 4209 2038 412 7222
4 2525 1873 1667 1134
4 1777 9400 9150 8546
4 999 180 8757 5257
4 9336 8508 5227 4132
4 8344 8098 5859 4034
4 8318 6792 6163 5949
4 5778 5697 5014 4987
4 4705 4556 2154 2010
4 4581 4252 3843 3645
4 4520 2758 1880 9833
4 4174 1725 1237 6631
4 3383 573 9321 7822
4 1308 422 5466 5153
4 1087 379 9638 7921
4 9929 8511 7882 5342
4 9164 7005 5539 4438
4 7183 5619 5527 5108
4 7042 5820 5406 4976
4 5049 3788 3628 2858
4 5029 3643 3546 2706
4 4062 3201 2431 1290
4 3340 2733 1915 911
